from ocp_vscode import show, Camera
from build123d import *
from OCP.BRepFill import BRepFill_Filling
from OCP.BRepOffset import BRepOffset_MakeOffset, BRepOffset_Skin
from OCP.GeomAbs import GeomAbs_C0, GeomAbs_Arc
from OCP.gp import gp_Vec, gp_Trsf, gp_Ax2, gp_Pnt, gp_Dir
from OCP.BRepAlgoAPI import BRepAlgoAPI_Fuse
from OCP.BRepBuilderAPI import BRepBuilderAPI_Transform

THICKNESS = 1.0
REFERENCE_DIR = gp_Vec(0, 0, 1)


def make_solid_from_splines(pts_list, label="surface"):
    print(f"  Building {label}...")
    edges = [Edge.make_spline([Vector(*p) for p in pts]) for pts in pts_list]
    filler = BRepFill_Filling()
    for edge in edges:
        filler.Add(edge.wrapped, GeomAbs_C0)
    filler.Build()
    if not filler.IsDone():
        raise RuntimeError(f"BRepFill_Filling failed for {label}.")
    face = Face(filler.Face())
    centre = face.center()
    normal = face.normal_at(centre)
    normal_vec = gp_Vec(normal.X, normal.Y, normal.Z)
    if normal_vec.Dot(REFERENCE_DIR) < 0:
        face = Face(face.wrapped.Reversed())
    offset = BRepOffset_MakeOffset()
    offset.Initialize(face.wrapped, THICKNESS, 1e-3, BRepOffset_Skin, False, False, GeomAbs_Arc, True)
    offset.MakeOffsetShape()
    if not offset.IsDone():
        raise RuntimeError(f"BRepOffset_MakeOffset failed for {label}.")
    return Solid(offset.Shape())


def fuse_solids(solids):
    result = solids[0].wrapped
    for s in solids[1:]:
        f = BRepAlgoAPI_Fuse(result, s.wrapped)
        f.Build()
        if not f.IsDone():
            raise RuntimeError("Fuse failed.")
        result = f.Shape()
    return result


# SURFACE 1
s1_spline1_pts = [(25.411,35.37,17.066),(24.731,35.641,17.066),(24.042,35.914,17.066),(23.336,36.193,17.066),(22.604,36.479,17.066),(21.839,36.776,17.066),(21.03,37.086,17.066),(20.17,37.412,17.066),(19.251,37.757,17.066),(18.268,38.12,17.066),(17.236,38.495,17.066),(16.175,38.872,17.066),(15.104,39.241,17.066),(14.043,39.593,17.067),(13.012,39.918,17.067),(12.029,40.207,17.068),(11.114,40.45,17.069),(10.283,40.64,17.071),(9.528,40.781,17.073),(8.839,40.882,17.075),(8.206,40.947,17.077),(7.616,40.985,17.079),(7.059,41.001,17.082),(6.524,41.004,17.085),(6.0,41.0,17.087)]
s1_spline2_pts = [(6.0,41.0,17.087),(6.0,36.568,19.271),(6.0,35.259,19.909),(6.0,33.763,20.628),(6.0,32.095,21.415),(6.0,30.271,22.255),(6.0,28.306,23.135),(6.0,26.217,24.043),(6.0,24.018,24.963),(6.0,21.725,25.886),(6.0,19.35,26.809),(6.0,16.905,27.731),(6.0,14.401,28.654),(6.0,11.85,29.576),(6.0,9.264,30.498),(6.0,6.649,31.42),(6.0,4.034,32.343)]
s1_spline3_pts = [(6.0,4.034,32.343),(6.647,4.021,32.228),(7.305,4.008,32.111),(7.986,3.995,31.99),(8.701,3.981,31.865),(9.462,3.966,31.732),(10.279,3.95,31.59),(11.165,3.933,31.437),(12.13,3.915,31.272),(13.181,3.895,31.094),(14.301,3.874,30.904),(15.467,3.852,30.708),(16.658,3.83,30.508),(17.852,3.808,30.308),(19.026,3.786,30.111),(20.159,3.765,29.922),(21.228,3.745,29.743),(22.217,3.727,29.578),(23.131,3.71,29.425),(23.98,3.694,29.283),(24.776,3.68,29.15),(25.529,3.666,29.025),(26.25,3.652,28.904),(26.949,3.639,28.787),(27.638,3.626,28.672)]
s1_spline4_pts = [(27.638,3.626,28.672),(27.566,6.032,27.939),(27.492,8.424,27.207),(27.414,10.785,26.477),(27.33,13.103,25.749),(27.239,15.361,25.025),(27.139,17.545,24.306),(27.026,19.641,23.593),(26.901,21.633,22.886),(26.761,23.508,22.189),(26.611,25.259,21.507),(26.455,26.878,20.851),(26.298,28.359,20.229),(26.145,29.696,19.65),(26.001,30.881,19.123),(25.869,31.91,18.657),(25.755,32.774,18.261),(25.663,33.472,17.94),(25.59,34.02,17.687),(25.534,34.441,17.494),(25.493,34.755,17.349),(25.463,34.983,17.244),(25.441,35.148,17.168),(25.425,35.27,17.112),(25.411,35.37,17.066)]

# SURFACE 2
s2_spline1_pts = [(6.0,4.034,32.343),(6.647,4.021,32.228),(7.305,4.008,32.111),(7.986,3.995,31.99),(8.701,3.981,31.865),(9.462,3.966,31.732),(10.279,3.95,31.59),(11.165,3.933,31.437),(12.13,3.915,31.272),(13.181,3.895,31.094),(14.301,3.874,30.904),(15.467,3.852,30.708),(16.658,3.83,30.508),(17.852,3.808,30.308),(19.026,3.786,30.111),(20.159,3.765,29.922),(21.228,3.745,29.743),(22.217,3.727,29.578),(23.131,3.71,29.425),(23.98,3.694,29.283),(24.776,3.68,29.15),(25.529,3.666,29.025),(26.25,3.652,28.904),(26.949,3.639,28.787),(27.638,3.626,28.672)]
s2_spline2_pts = [(27.638,3.626,28.672),(27.411,3.462,28.708),(27.183,3.298,28.743),(26.956,3.134,28.779),(26.729,2.97,28.814),(26.501,2.806,28.85),(26.274,2.642,28.885),(26.047,2.477,28.921),(25.819,2.313,28.956)]
s2_spline3_pts = [(25.819,2.313,28.956),(25.198,2.32,29.077),(24.567,2.326,29.199),(23.917,2.333,29.324),(23.237,2.34,29.456),(22.519,2.347,29.595),(21.753,2.355,29.743),(20.929,2.364,29.903),(20.037,2.373,30.075),(19.072,2.383,30.262),(18.05,2.393,30.46),(16.989,2.404,30.665),(15.908,2.415,30.874),(14.828,2.426,31.083),(13.767,2.437,31.289),(12.745,2.448,31.486),(11.78,2.458,31.673),(10.888,2.467,31.846),(10.064,2.475,32.005),(9.298,2.483,32.153),(8.581,2.49,32.292),(7.902,2.497,32.424),(7.252,2.504,32.549),(6.621,2.511,32.671),(6.0,2.517,32.791)]
s2_spline4_pts = [(6.0,2.517,32.791),(6.0,2.707,32.735),(6.0,2.896,32.679),(6.0,3.086,32.623),(6.0,3.276,32.567),(6.0,3.465,32.511),(6.0,3.655,32.455),(6.0,3.844,32.399),(6.0,4.034,32.343)]

# SURFACE 3
s3_spline1_pts = [(6.0,2.517,32.791),(6.621,2.511,32.671),(7.252,2.504,32.549),(7.902,2.497,32.424),(8.581,2.49,32.292),(9.298,2.483,32.153),(10.064,2.475,32.005),(10.888,2.467,31.846),(11.78,2.458,31.673),(12.745,2.448,31.486),(13.767,2.437,31.289),(14.828,2.426,31.083),(15.908,2.415,30.874),(16.989,2.404,30.665),(18.05,2.393,30.46),(19.072,2.383,30.262),(20.037,2.373,30.075),(20.929,2.364,29.903),(21.753,2.355,29.743),(22.519,2.347,29.595),(23.237,2.34,29.456),(23.917,2.333,29.324),(24.567,2.326,29.199),(25.198,2.32,29.077),(25.819,2.313,28.956)]
s3_spline2_pts = [(25.819,2.313,28.956),(25.842,2.149,28.992),(25.864,1.985,29.027),(25.887,1.821,29.063),(25.91,1.657,29.098),(25.932,1.492,29.134),(25.955,1.328,29.169),(25.977,1.164,29.205),(26.0,1.0,29.24)]
s3_spline3_pts = [(26.0,1.0,29.24),(23.5,0.563,29.74),(21.0,0.125,30.24),(18.5,-0.313,30.74),(16.0,-0.75,31.24),(13.5,-1.187,31.74),(11.0,-1.625,32.24),(8.5,-2.062,32.74),(6.0,-2.5,33.24)]
s3_spline4_pts = [(6.0,-2.5,33.24),(6.0,-1.873,33.184),(6.0,-1.246,33.128),(6.0,-0.619,33.072),(6.0,0.009,33.016),(6.0,0.636,32.96),(6.0,1.263,32.904),(6.0,1.89,32.848),(6.0,2.517,32.791)]

# SURFACE 4
s4_spline1_pts = [(6.0,-2.5,33.24),(7.332,-5.012,33.12),(8.73,-7.23,32.984),(10.104,-11.199,32.887),(12.682,-18.191,32.251),(15.338,-25.503,30.994),(17.361,-32.184,29.072),(18.32,-38.344,26.317),(18.665,-42.295,23.648),(18.51,-47.772,18.461),(18.139,-49.862,15.23),(17.686,-50.911,13.4)]
s4_spline2_pts = [(17.686,-50.911,13.4),(18.513,-50.177,13.4),(20.087,-48.59,13.4),(21.568,-46.924,13.4),(22.941,-45.219,13.4),(24.194,-43.513,13.4),(25.313,-41.847,13.4),(26.284,-40.26,13.4),(27.101,-38.781,13.4),(27.776,-37.406,13.4),(28.331,-36.12,13.4),(28.786,-34.907,13.4)]
s4_spline3_pts = [(28.786,-34.907,13.4),(28.63,-33.842,15.07),(28.427,-32.677,16.834),(28.151,-31.423,18.602),(27.778,-30.089,20.281),(26.946,-27.718,22.726),(25.967,-25.208,24.796),(24.856,-22.395,26.597),(23.676,-19.035,28.132),(23.08,-16.674,28.808),(22.66,-14.143,29.282),(22.456,-11.574,29.574),(22.503,-9.097,29.708),(23.007,-6.67,29.695),(23.954,-4.172,29.572),(25.049,-1.612,29.4),(26.0,1.0,29.24)]
s4_spline4_pts = [(26.0,1.0,29.24),(23.5,0.563,29.74),(21.0,0.125,30.24),(18.5,-0.313,30.74),(16.0,-0.75,31.24),(13.5,-1.187,31.74),(11.0,-1.625,32.24),(8.5,-2.062,32.74),(6.0,-2.5,33.24)]

# SURFACE 5
s5_spline1_pts = [(6.0,-2.5,33.24),(7.332,-5.012,33.12),(8.73,-7.23,32.984),(10.104,-11.199,32.887),(12.682,-18.191,32.251),(15.338,-25.503,30.994),(17.361,-32.184,29.072),(18.32,-38.344,26.317),(18.665,-42.295,23.648),(18.51,-47.772,18.461),(18.139,-49.862,15.23),(17.686,-50.911,13.4)]
s5_spline2_pts = [(17.686,-50.911,13.4),(16.858,-51.645,13.4),(15.137,-52.956,13.4),(13.362,-54.078,13.4),(11.54,-55.014,13.4),(9.677,-55.775,13.4),(7.782,-56.373,13.4),(6.563,-56.656,13.4)]
s5_spline3_pts = [(6.563,-56.656,13.4),(7.01,-54.858,16.277),(7.696,-50.555,20.465),(8.04,-43.278,26.219),(8.153,-34.783,30.636),(7.858,-28.093,32.395),(6.942,-18.562,33.532),(5.896,-12.261,33.822),(4.5,-7.0,33.74)]
s5_spline4_pts = [(4.5,-7.0,33.74),(4.688,-6.438,33.678),(4.875,-5.875,33.615),(5.063,-5.313,33.553),(5.25,-4.75,33.49),(5.625,-3.625,33.365),(5.813,-3.063,33.303),(6.0,-2.5,33.24)]

# SURFACE 6
s6_spline1_pts = [(6.563,-56.656,13.4),(7.01,-54.858,16.277),(7.696,-50.555,20.465),(8.04,-43.278,26.219),(8.153,-34.783,30.636),(7.858,-28.093,32.395),(6.942,-18.562,33.532),(5.896,-12.261,33.822),(4.5,-7.0,33.74)]
s6_spline2_pts = [(4.5,-7.0,33.74),(3.938,-7.0,33.74),(3.375,-7.0,33.74),(2.813,-7.0,33.74),(2.25,-7.0,33.74),(1.688,-7.0,33.74),(1.125,-7.0,33.74),(0.563,-7.0,33.74),(0.0,-7.0,33.74)]
s6_spline3_pts = [(0.0,-7.232,33.79),(0.0,-7.9,33.925),(0.0,-8.938,34.109),(0.0,-10.287,34.293),(0.0,-11.952,34.436),(0.0,-13.993,34.494),(0.0,-16.659,34.424),(0.0,-20.139,34.167),(0.0,-22.67,33.885),(0.0,-25.362,33.51),(0.0,-28.03,33.052),(0.0,-30.49,32.521),(0.0,-32.756,31.9),(0.0,-34.973,31.151),(0.0,-37.158,30.251),(0.0,-39.327,29.179),(0.0,-41.489,27.923),(0.0,-43.618,26.521),(0.0,-45.682,25.025),(0.0,-47.649,23.484),(0.0,-49.486,21.95),(0.0,-51.16,20.472),(0.0,-52.639,19.102),(0.0,-53.891,17.889),(0.0,-54.893,16.872),(0.0,-55.667,16.038),(0.0,-56.246,15.359),(0.0,-56.663,14.811),(0.0,-56.949,14.367),(0.0,-57.138,14.001),(0.0,-57.262,13.688),(0.0,-57.353,13.4)]
s6_spline4_pts = [(0.0,-57.353,13.4),(1.962,-57.297,13.4),(3.918,-57.123,13.4),(5.86,-56.819,13.4),(6.563,-56.656,13.4)]

# SURFACE 7
s7_spline1_pts = [(-6.0,-2.5,33.24),(-7.332,-5.012,33.12),(-8.73,-7.23,32.984),(-10.104,-11.199,32.887),(-12.682,-18.191,32.251),(-15.338,-25.503,30.994),(-17.361,-32.184,29.072),(-18.32,-38.344,26.317),(-18.665,-42.295,23.648),(-18.684,-43.268,22.849)]
s7_spline2_pts = [(-18.684,-43.268,22.849),(-19.571,-42.249,23.028),(-22.674,-37.324,23.657),(-24.729,-32.027,23.953),(-25.353,-29.873,24.0),(-25.481,-29.455,24.0),(-25.981,-27.634,24.0),(-26.198,-26.822,24.0),(-26.59,-25.27,24.0),(-26.968,-23.646,24.0),(-27.15,-22.85,24.0),(-27.59,-20.63,24.0),(-27.629,-20.435,24.0),(-28.019,-18.024,24.0),(-28.034,-17.949,24.0),(-28.37,-15.441,24.0),(-28.381,-15.377,24.0),(-28.658,-12.876,24.0),(-28.678,-12.737,24.0),(-28.898,-10.327,24.0),(-28.933,-10.046,24.0),(-29.109,-7.745,24.0),(-29.156,-7.317,24.0),(-29.299,-5.111,24.0),(-29.351,-4.566,24.0),(-29.467,-2.454,24.0),(-29.52,-1.792,24.0),(-29.567,-1.037,24.0),(-29.618,0.0,24.0)]
s7_spline3_pts = [(-29.618,0.0,24.0),(-29.528,0.145,24.435),(-29.446,0.26,24.78),(-29.258,0.573,25.718),(-29.183,0.669,26.006),(-29.0,1.0,27.0)]
s7_spline4_pts = [(-29.0,1.0,27.0),(-28.625,1.0,27.28),(-28.25,1.0,27.56),(-27.875,1.0,27.84),(-27.125,1.0,28.4),(-26.75,1.0,28.68),(-26.375,1.0,28.96),(-26.0,1.0,29.24),(-23.5,0.562,29.74),(-21.0,0.125,30.24),(-18.5,-0.313,30.74),(-16.0,-0.75,31.24),(-13.5,-1.188,31.74),(-11.0,-1.625,32.24),(-8.5,-2.063,32.74),(-6.0,-2.5,33.24)]

# SURFACE 8
s8_spline1_pts = [(-25.353,-29.873,24.0),(-24.729,-32.027,23.953),(-22.674,-37.324,23.657),(-19.571,-42.249,23.028),(-18.684,-43.268,22.849)]
s8_spline2_pts = [(-18.684,-43.268,22.849),(-18.51,-47.772,18.461),(-17.686,-50.911,13.4)]
s8_spline3_pts = [(-17.686,-50.911,13.4),(-18.513,-50.177,13.4),(-20.087,-48.59,13.4),(-21.568,-46.924,13.4),(-22.941,-45.219,13.4),(-24.194,-43.513,13.4),(-25.313,-41.847,13.4),(-26.284,-40.26,13.4),(-27.101,-38.781,13.4),(-27.776,-37.406,13.4),(-28.331,-36.12,13.4),(-28.786,-34.907,13.4),(-29.16,-33.754,13.4),(-29.473,-32.645,13.4),(-29.747,-31.565,13.4),(-29.881,-31.0,13.4)]
s8_spline4_pts = [(-29.881,-31.0,13.4),(-29.822,-31.0,13.845),(-29.708,-31.0,14.385),(-29.525,-31.0,15.084),(-29.257,-31.0,15.982),(-28.953,-31.0,16.861),(-28.419,-31.0,18.273),(-28.245,-31.0,18.684),(-28.033,-31.0,19.134),(-27.466,-31.0,20.328),(-26.897,-31.0,21.289),(-26.427,-31.0,22.091),(-25.757,-30.991,23.009),(-25.353,-29.873,24.0)]

# SURFACE 9
s9_spline1_pts = [(26.0,1.0,29.24),(25.049,-1.612,29.4),(23.954,-4.172,29.572),(23.007,-6.67,29.695),(22.503,-9.097,29.708),(22.456,-11.574,29.574),(22.66,-14.143,29.282),(23.08,-16.674,28.808),(23.676,-19.035,28.132),(24.856,-22.395,26.597),(25.967,-25.208,24.796),(26.946,-27.718,22.726),(27.778,-30.089,20.281),(28.151,-31.423,18.602),(28.427,-32.677,16.834),(28.63,-33.842,15.07),(28.786,-34.907,13.4)]
s9_spline2_pts = [(28.786,-34.907,13.4),(29.16,-33.754,13.4),(29.473,-32.645,13.4),(29.747,-31.565,13.4),(30.0,-30.5,13.4)]
s9_spline3_pts = [(30.0,-30.5,13.4),(30.249,-29.433,13.974),(30.492,-28.337,14.538),(30.724,-27.185,15.085),(30.937,-25.948,15.604),(31.128,-24.598,16.088),(31.289,-23.105,16.527),(31.415,-21.444,16.911),(31.5,-19.583,17.233),(31.54,-17.506,17.486),(31.54,-16.5,17.57),(31.445,-10.5,17.894),(31.349,-7.498,17.96),(31.242,-4.712,17.988),(31.124,-1.87,17.999),(31.0,1.0,18.0)]
s9_spline4_pts = [(31.0,1.0,18.0),(30.5,1.0,20.25),(30.25,1.0,21.375),(30.0,1.0,22.5),(29.75,1.0,23.625),(29.5,1.0,24.75),(29.25,1.0,25.875),(29.0,1.0,27.0),(28.625,1.0,27.28),(28.25,1.0,27.56),(27.875,1.0,27.84),(27.125,1.0,28.4),(26.75,1.0,28.68),(26.375,1.0,28.96),(26.0,1.0,29.24)]

# SURFACE 10
s10_spline1_pts = [(4.5,-7.0,33.74),(3.938,-7.0,33.74),(3.375,-7.0,33.74),(2.813,-7.0,33.74),(2.25,-7.0,33.74),(1.688,-7.0,33.74),(1.125,-7.0,33.74),(0.563,-7.0,33.74),(-0.563,-7.0,33.74),(-1.125,-7.0,33.74),(-1.688,-7.0,33.74),(-2.25,-7.0,33.74),(-2.813,-7.0,33.74),(-3.375,-7.0,33.74),(-3.938,-7.0,33.74),(-4.5,-7.0,33.74)]
s10_spline2_pts = [(-4.5,-7.0,33.74),(-4.5,-5.423,32.998)]
s10_spline3_pts = [(-4.5,-5.423,32.998),(-3.938,-5.423,32.998),(-3.375,-5.423,32.998),(-2.813,-5.423,32.998),(-2.25,-5.423,32.998),(-1.688,-5.423,32.998),(-1.125,-5.423,32.998),(1.125,-5.423,32.998),(1.688,-5.423,32.998),(2.25,-5.423,32.998),(3.375,-5.423,32.998),(3.938,-5.423,32.998),(4.5,-5.423,32.998)]
s10_spline4_pts = [(4.5,-5.423,32.998),(4.5,-7.0,33.74)]

# SURFACE 11
s11_spline1_pts = [(-4.5,-5.423,32.998),(-3.938,-5.423,32.998),(-3.375,-5.423,32.998),(-2.813,-5.423,32.998),(-2.25,-5.423,32.998),(-1.688,-5.423,32.998),(-1.125,-5.423,32.998),(1.125,-5.423,32.998),(1.688,-5.423,32.998),(2.25,-5.423,32.998),(3.375,-5.423,32.998),(3.938,-5.423,32.998),(4.5,-5.423,32.998)]
s11_spline2_pts = [(4.5,-5.423,32.998),(4.501,-5.217,33.027),(4.502,-5.01,33.056),(4.503,-4.804,33.085),(4.504,-4.597,33.114),(4.505,-4.391,33.143),(4.506,-4.184,33.172),(4.507,-3.978,33.201),(4.508,-3.771,33.23)]
s11_spline3_pts = [(4.508,-3.771,33.23),(3.944,-3.771,33.241),(3.381,-3.771,33.251),(2.817,-3.771,33.26),(2.254,-3.771,33.269),(1.69,-3.771,33.276),(1.127,-3.771,33.282),(0.563,-3.771,33.286),(0.0,-3.771,33.287),(-0.563,-3.771,33.286),(-1.127,-3.771,33.282),(-1.69,-3.771,33.276),(-2.254,-3.771,33.269),(-2.817,-3.771,33.26),(-3.381,-3.771,33.251),(-3.944,-3.771,33.241),(-4.508,-3.771,33.23)]
s11_spline4_pts = [(-4.508,-3.771,33.23),(-4.507,-3.978,33.201),(-4.506,-4.184,33.172),(-4.505,-4.391,33.143),(-4.504,-4.597,33.114),(-4.503,-4.804,33.085),(-4.502,-5.01,33.056),(-4.501,-5.217,33.027),(-4.5,-5.423,32.998)]

# SURFACE 12
s12_spline1_pts = [(4.508,-3.771,33.23),(3.944,-3.771,33.241),(3.381,-3.771,33.251),(2.817,-3.771,33.26),(2.254,-3.771,33.269),(1.69,-3.771,33.276),(1.127,-3.771,33.282),(0.563,-3.771,33.286),(0.0,-3.771,33.287),(-0.563,-3.771,33.286),(-1.127,-3.771,33.282),(-1.69,-3.771,33.276),(-2.254,-3.771,33.269),(-2.817,-3.771,33.26),(-3.381,-3.771,33.251),(-3.944,-3.771,33.241),(-4.508,-3.771,33.23)]
s12_spline2_pts = [(-4.508,-3.771,33.23),(-4.368,-3.248,33.198),(-4.228,-2.724,33.167),(-4.088,-2.201,33.135),(-3.948,-1.678,33.104),(-3.808,-1.154,33.072),(-3.669,-0.631,33.041),(-3.529,-0.107,33.009),(-3.389,0.416,32.978),(-3.249,0.939,32.946),(-3.109,1.463,32.914),(-2.97,1.986,32.883),(-2.83,2.51,32.851),(-2.69,3.033,32.82),(-2.55,3.556,32.788),(-2.41,4.08,32.757),(-2.271,4.603,32.725)]
s12_spline3_pts = [(-2.271,4.603,32.725),(-2.271,5.062,32.657),(-2.271,5.52,32.588),(-2.271,5.978,32.52),(-2.271,6.436,32.451),(-2.271,6.895,32.383),(-2.271,7.811,32.246),(-2.271,8.27,32.178),(-2.171,8.455,32.133),(-2.07,8.639,32.088),(-1.967,8.819,32.045),(-1.859,8.992,32.003),(-1.746,9.158,31.963),(-1.627,9.313,31.925),(-1.5,9.456,31.891),(-1.363,9.585,31.86),(-1.216,9.698,31.832),(-1.059,9.795,31.809),(-0.895,9.876,31.789),(-0.724,9.942,31.773),(-0.548,9.993,31.761),(-0.367,10.029,31.752),(-0.184,10.051,31.747),(0.0,10.058,31.745),(0.184,10.051,31.747),(0.367,10.029,31.752),(0.548,9.993,31.761),(0.724,9.942,31.773),(0.895,9.876,31.789),(1.059,9.795,31.809),(1.216,9.698,31.832),(1.363,9.585,31.86),(1.5,9.456,31.891),(1.627,9.313,31.925),(1.746,9.158,31.963),(1.859,8.992,32.003),(1.967,8.819,32.045),(2.07,8.639,32.088),(2.171,8.455,32.133),(2.271,8.27,32.178),(2.271,7.811,32.246),(2.271,6.895,32.383),(2.271,6.436,32.451),(2.271,5.978,32.52),(2.271,5.52,32.588),(2.271,5.062,32.657),(2.271,4.603,32.725)]
s12_spline4_pts = [(2.271,4.603,32.725),(2.41,4.08,32.757),(2.55,3.556,32.788),(2.69,3.033,32.82),(2.83,2.51,32.851),(2.97,1.986,32.883),(3.109,1.463,32.914),(3.249,0.939,32.946),(3.389,0.416,32.978),(3.529,-0.107,33.009),(3.669,-0.631,33.041),(3.808,-1.154,33.072),(3.948,-1.678,33.104),(4.088,-2.201,33.135),(4.228,-2.724,33.167),(4.368,-3.248,33.198),(4.508,-3.771,33.23)]

# ═══════════════════════════════════════════════════════════════════════════════
# BUILD ALL SPLINE SURFACES
# ═══════════════════════════════════════════════════════════════════════════════
solid1 = make_solid_from_splines([s1_spline1_pts, s1_spline2_pts, s1_spline3_pts, s1_spline4_pts], label="surface_1")
solid2 = make_solid_from_splines([s2_spline1_pts, s2_spline2_pts, s2_spline3_pts, s2_spline4_pts], label="surface_2")
solid3 = make_solid_from_splines([s3_spline1_pts, s3_spline2_pts, s3_spline3_pts, s3_spline4_pts], label="surface_3")
solid4 = make_solid_from_splines([s4_spline1_pts, s4_spline2_pts, s4_spline3_pts, s4_spline4_pts], label="surface_4")
solid5 = make_solid_from_splines([s5_spline1_pts, s5_spline2_pts, s5_spline3_pts, s5_spline4_pts], label="surface_5")
solid6 = make_solid_from_splines([s6_spline1_pts, s6_spline2_pts, s6_spline3_pts, s6_spline4_pts], label="surface_6")
solid7 = make_solid_from_splines([s7_spline1_pts, s7_spline2_pts, s7_spline3_pts, s7_spline4_pts], label="surface_7")
solid8 = make_solid_from_splines([s8_spline1_pts, s8_spline2_pts, s8_spline3_pts, s8_spline4_pts], label="surface_8")
solid9 = make_solid_from_splines([s9_spline1_pts, s9_spline2_pts, s9_spline3_pts, s9_spline4_pts], label="surface_9")
solid10 = make_solid_from_splines([s10_spline1_pts, s10_spline2_pts, s10_spline3_pts, s10_spline4_pts], label="surface_10")
solid11 = make_solid_from_splines([s11_spline1_pts, s11_spline2_pts, s11_spline3_pts, s11_spline4_pts], label="surface_11")
solid12 = make_solid_from_splines([s12_spline1_pts, s12_spline2_pts, s12_spline3_pts, s12_spline4_pts], label="surface_12")

combined_shape = fuse_solids([solid1, solid2, solid3, solid4, solid5, solid6, solid7, solid8, solid9, solid10, solid11, solid12])
print("All surfaces fused.")

# ═══════════════════════════════════════════════════════════════════════════════
# MIRROR ABOUT YZ PLANE (X=0) — skip solid4
# ═══════════════════════════════════════════════════════════════════════════════
print("Mirroring...")
mirror_trsf = gp_Trsf()
mirror_trsf.SetMirror(gp_Ax2(gp_Pnt(0, 0, 0), gp_Dir(1, 0, 0)))

solids_to_mirror = [solid1, solid2, solid3, solid5, solid6]
mirrored_solids = []
for s in solids_to_mirror:
    mb = BRepBuilderAPI_Transform(s.wrapped, mirror_trsf, True)
    mb.Build()
    ms = mb.Shape()
    ms.Complement()
    mirrored_solids.append(Solid(ms))
print("Mirroring done.")

# ═══════════════════════════════════════════════════════════════════════════════
# LOFT 1 — Rectangle to Rectangle + Mirror
# ═══════════════════════════════════════════════════════════════════════════════
print("Building loft...")
rect1_pts = [Vector(21.0,25.0,22.367), Vector(17.0,25.0,22.967), Vector(17.0,21.0,24.573), Vector(21.0,21.0,23.928)]
rect2_pts = [Vector(22.6,26.0,13.4), Vector(16.6,26.0,13.4), Vector(16.6,20.0,13.4), Vector(22.6,20.0,13.4)]

wire1 = Wire([Line(rect1_pts[i], rect1_pts[(i+1) % 4]) for i in range(4)])
wire2 = Wire([Line(rect2_pts[i], rect2_pts[(i+1) % 4]) for i in range(4)])
loft1 = Solid.make_loft([wire1, wire2])

loft1_mb = BRepBuilderAPI_Transform(loft1.wrapped, mirror_trsf, True)
loft1_mb.Build()
loft1_mirror = Solid(loft1_mb.Shape())
print("Loft done.")

# ═══════════════════════════════════════════════════════════════════════════════
# LOFT 2 — Two 6-point profiles + Mirror
# ═══════════════════════════════════════════════════════════════════════════════
print("Building loft 2...")
prof1_pts = [
    Vector(15.404, 36.416, 17.81), Vector(15.496, 21.0, 24.79),
    Vector(15.588, 3.584, 29.887), Vector(14.588, 3.584, 30.055),
    Vector(14.496, 21.0, 24.958), Vector(14.404, 36.416, 17.978),
]
prof2_pts = [
    Vector(-15.367, 35.237, 17.062), Vector(-15.5, 20.003, 23.532),
    Vector(-15.633, 4.769, 28.12), Vector(-14.633, 4.769, 28.288),
    Vector(-14.5, 20.003, 23.7), Vector(-14.367, 35.237, 17.23),
]

prof1_wire = Wire([Line(prof1_pts[i], prof1_pts[(i+1) % 6]) for i in range(6)])
prof2_wire = Wire([Line(prof2_pts[i], prof2_pts[(i+1) % 6]) for i in range(6)])

loft2 = Solid.make_loft([prof1_wire, prof2_wire])

loft2_mb = BRepBuilderAPI_Transform(loft2.wrapped, mirror_trsf, True)
loft2_mb.Build()
loft2_mirror = Solid(loft2_mb.Shape())
print("Loft 2 done.")

# ═══════════════════════════════════════════════════════════════════════════════
# LOFT 3 — Multi-section scroll wheel column
# ═══════════════════════════════════════════════════════════════════════════════
print("Building loft 3...")
# Profile A (top): points 1-4
profA = [Vector(1.9,8.238,31.478), Vector(1.9,4.238,32.478), Vector(-1.9,4.238,32.478), Vector(-1.9,8.238,31.478)]
# Profile B: points 5-8
profB = [Vector(1.925,4.87,24.676), Vector(1.925,0.87,25.426), Vector(-1.925,0.87,25.426), Vector(-1.925,4.87,24.676)]
# Profile C: points 9-12
profC = [Vector(1.95,4.0,16.888), Vector(1.95,-0.0,17.388), Vector(-1.95,-0.0,17.388), Vector(-1.95,4.0,16.888)]
# Profile D (bottom): points 13-18 (hexagon)
profD = [Vector(3.0,4.603,13.4), Vector(1.9,8.238,31.478).__class__(3.0,1.731,13.4), Vector(3.0,0.0,15.4), Vector(-3.0,0.0,15.4), Vector(-3.0,1.731,13.4), Vector(-3.0,4.603,13.4)]

wireA = Wire([Line(profA[i], profA[(i+1) % 4]) for i in range(4)])
wireB = Wire([Line(profB[i], profB[(i+1) % 4]) for i in range(4)])
wireC = Wire([Line(profC[i], profC[(i+1) % 4]) for i in range(4)])

# Profile D is a hexagon — need to match vertex count with rectangles for loft
# Loft A->B->C as one solid, then C->D as another
loft3_top = Solid.make_loft([wireA, wireB, wireC])

# For C->D, both need same vertex count. Split hex into: top edge, right edges, bottom edge, left edges
# Reorder D to start from top-right going clockwise matching C's winding
profD_reordered = [
    Vector(3.0, 4.603, 13.4), Vector(3.0, 1.731, 13.4),
    Vector(3.0, 0.0, 15.4), Vector(-3.0, 0.0, 15.4),
    Vector(-3.0, 1.731, 13.4), Vector(-3.0, 4.603, 13.4),
]
wireD = Wire([Line(profD_reordered[i], profD_reordered[(i+1) % 6]) for i in range(6)])

# For C to D loft, split C into 6 segments to match D
profC_6 = [
    Vector(1.95, 4.0, 16.888), Vector(1.95, 2.0, 17.138),
    Vector(1.95, -0.0, 17.388), Vector(-1.95, -0.0, 17.388),
    Vector(-1.95, 2.0, 17.138), Vector(-1.95, 4.0, 16.888),
]
wireC_6 = Wire([Line(profC_6[i], profC_6[(i+1) % 6]) for i in range(6)])

loft3_bot = Solid.make_loft([wireC_6, wireD])
print("Loft 3 done.")

# ═══════════════════════════════════════════════════════════════════════════════
# DISPLAY
# ═══════════════════════════════════════════════════════════════════════════════
print("Displaying...")
all_solids = [
    solid1, solid2, solid3, solid4, solid5, solid6,
    solid7, solid8, solid9, solid10, solid11, solid12,
    loft1, loft1_mirror, loft2, loft2_mirror,
    loft3_top, loft3_bot,
] + mirrored_solids

all_names = [
    "surface_1", "surface_2", "surface_3", "surface_4", "surface_5", "surface_6",
    "surface_7", "surface_8", "surface_9", "surface_10", "surface_11", "surface_12",
    "loft_1", "loft_1_mirror", "loft_2", "loft_2_mirror",
    "loft_3_top", "loft_3_bot",
    "mirror_1", "mirror_2", "mirror_3", "mirror_5", "mirror_6",
]

show(*all_solids, names=all_names, reset_camera=Camera.RESET)
print("Done.")
